3230485212
945923146
297524335
4056257202
3218830952
4288112338
3791971049
2323397041
1126406540
3777109583
4279597354
3255496925
2799472022
4019084193
3675041585
2077805607
3303055075
3300499539
992920212
3611518821
613856749
456300701
3082944142
1093944190
350545231
3887980928
2263627726
3359135390
92241071
2537737122
1868048692
4214461320
1729999980
471521149
3585218926
730297948
3892972
1038390973
3653711732
1107156357
3086344310
4176337199
2054038559
4268685904
1592746564
2912933461
2547446598
2509369614
2878683102
1417184751
3045765657
4107993363
3017881123
520239038
3246485903
669775296
537325255
2225728695
1344525800
3323715848
449777305
2867672074
2451229982
960075246
2527634943
2122459498
3911586747
1143266668
1810440466
1288857698
492553971
3072735646
405579631
1409148832
2273951929
3699834089
2745363546
3663355660
4083613213
2525172750
3252543754
1633625946
3279971563
3451551344
3153957633
1911309682
2140897041
3603990081
3877478578
1211746871
2949690462
1795504814
876662399
4069978288
2158308630
4178572518
1363862519
2412051178
4262032699
4118048492
4266103762
721367842
3240225203
2156675766
885995911
83016888
2692594012
335153644
3380058557
2632542991
3861655360
3790498193
1521494916
343589140
3658429925
3851644108
1737110493
2399994318
730230589
1670125
965037022
3574346807
828131176
2468447929
461355398
4013690710
217730151
173404148
3036136965
2318194934
548649464
2599427592
791687513
3630092890
2720356011
487358044
387231466
1567600954
1101146827
2366881885
215820750
3737040351
4281882438
1242064150
3243334183
1797320825
1714140266
1641976827
1713440741
2382834069
2234035846
3030562624
957143505
2430887490
71465736
4032233752
829650537
361606191
1879465056
2802727601
816596542
2851746574
528279327
3647845977
762916426
316361179
2453524408
1035791304
731297561
3774846686
3532127407
1506010336
3191122431
3901689583
816660256
3555401012
2872896325
1226221110
2803602268
3998426092
4008965053
3801088880
1705048065
1341934194
2848645144
1189873704
1521049465
1258451260
2366120525
1682488894
3935562658
2698413298
4058215811
3536895893
3574365702
2899874071
2195669962
1116529178
3395647403
3769755474
957868195
2454802260
2538892675
3852944115
3503027108
1428673725
3617415726
25557567
1450352076
2290842716
3493288493
892647034
3354543819
4235686524
3696329790
3393663246
1231660319
969326304
1608465777
2449685986
719544112
3943983680
2212365457
382391011
1499231892
3139935077
1757277580
3829449756
2727713261
1961699583
3413534512
1887412097
1222870059
3373870747
578507852
4232713670
3878220439
42178504
2848447822
1183362078
1306165807
3201708213
1023007526
309432887
3029283789
2855981693
668038254
2042010851
3341549716
3806881125
2452924076
1015980348
77536013
3420987649
3110898
1012582531
3237893710
1150174494
210975535
3198225859
431703412
2271233605
457163858
3875369890
4243077683
4169235193
3279826666
1770020475
81985319
84412695
3695541832
2339057767
1027872152
469965545
159072376
2628285576
1744000985
3692083799
1399626120
4147911897
726054721
4158833777
712484066
3559103560
2787377625
2699071306
753337016
764182216
358132249
1156815022
586837119
3095678640
1515450303
144116911
1370813664
2781600058
406286731
1432483132
451169221
3677546869
